x: -0.30966412213740463
y: 1.0471603053435115
z: 0.24595419847328243
