x: -0.33861068702290076
y: 1.1030992366412216
z: 0.24314503816793892
