x: -0.28589312977099235
y: 0.8312366412213742
z: 0.22204580152671755
