x: [-0.48023769  0.17314156]
y: [-0.48017897  0.17416451]
z: [-0.48382929  0.17669933]
