x: [-0.4840414   0.18306579]
y: [-0.4813249   0.17553989]
z: [-0.48744248  0.18337723]
