x: [-0.48225105  0.17810547]
y: [-0.48121552  0.17595732]
z: [-0.48610932  0.18068466]
